1,0,0	[8.93077]	0.9625561149977034	8.376242527252237e-13
1,0,1	[6.2931504]	0.9492386135381804	1.6613615977972017e-11
1,0,2	[9.56949]	0.9329661371058964	2.502779413215259e-10
1,0,3	[21.129824]	0.9242434866826581	8.19786050780735e-10
1,0,4	[1.4599007]	0.9807847616720478	1.1441358657919334e-15
1,0,5	[9.786693]	0.9451841727624164	3.5222584894090303e-11
1,0,6	[6.5256505]	0.9449400008956319	3.678572902319619e-11
1,0,7	[1.7979974]	0.9732973050474496	2.9794591260652794e-14
1,0,8	[0.9364709]	0.9926855574959934	7.675301199674359e-20
1,0,9	[1.9386312]	0.9806155240829548	6.530490751310893e-15
1,1,0	[7.7495923]	0.9780397930564916	4.299959152958979e-15
1,1,1	[17.150517]	0.916728223223611	2.0448567526919027e-09
1,1,2	[1.6886338]	0.9775204399146902	5.420591029878638e-15
1,1,3	[13.853912]	0.9415200022214247	6.624684102214882e-11
1,1,4	[0.8266097]	0.9892857759692713	3.4421272543195548e-18
1,1,5	[5.275756]	0.9620666779436462	9.5184302933334e-13
1,1,6	[5.991218]	0.95739703162929	2.980676802000801e-12
1,1,7	[6.9093046]	0.9598643746242186	1.6583584231569757e-12
1,1,8	[4.804322]	0.9699963411976782	9.42741621540971e-14
1,1,9	[2.2003856]	0.9707784551425034	3.1025231141037997e-13
1,2,0	[10.3429785]	0.9654493919390638	3.7932992221673143e-13
1,2,1	[7.591163]	0.939755857945142	8.851664420648209e-11
1,2,2	[2.022201]	0.9800023899412591	1.699805174769813e-15
1,2,3	[2.7528892]	0.9838655314145002	2.0187442251935636e-16
1,2,4	[1.292128]	0.9818981304466888	6.327730872581382e-16
1,2,5	[0.40050307]	0.990778429932574	7.725588818671325e-19
1,2,6	[1.5181127]	0.9863471146944176	3.8389813278708003e-17
1,2,7	[1.4068888]	0.9777494515197498	4.897636390926603e-15
1,2,8	[5.9766283]	0.9447791344199702	3.784921141472563e-11
1,2,9	[10.388438]	0.9304402098094682	1.0026414372942558e-09
1,3,0	[5.764995]	0.9684286921634854	1.558670264682713e-13
1,3,1	[11.830462]	0.9586681322235149	2.2134298522624695e-12
1,3,2	[16.326933]	0.9245061144772397	7.926847950156224e-10
1,3,3	[13.237983]	0.9212860522742063	1.18737003627578e-09
1,3,4	[0.961043]	0.9857352621648872	5.936302185550154e-17
1,3,5	[7.860918]	0.9565084110508274	3.65057234885706e-12
1,3,6	[3.904704]	0.9751683313305315	1.452133024789283e-14
1,3,7	[2.6719632]	0.965661880062114	3.5695082628053635e-13
1,3,8	[0.5857732]	0.9917824012867332	2.449754235734604e-19
1,3,9	[2.3688567]	0.9799094304007532	9.148914228102424e-15
1,4,0	[2.6782482]	0.952822550429433	8.109165715614654e-12
1,4,1	[8.901397]	0.9432971819785491	4.902012395332908e-11
1,4,2	[4.026866]	0.9656315764612784	3.6006817938314985e-13
1,4,3	[17.04935]	0.9286489731399374	4.587553733975457e-10
1,4,4	[1.082871]	0.9868953786250089	2.5538535679043307e-17
1,4,5	[2.8331258]	0.963768660125569	6.057209310051217e-13
1,4,6	[3.1545897]	0.9766545183391268	7.882126806237892e-15
1,4,7	[9.65249]	0.9538699699670816	6.506798363954078e-12
1,4,8	[9.235758]	0.9321989773418377	2.7953718377365275e-10
1,4,9	[9.082105]	0.968715543424755	1.4243974557034061e-13
1,5,0	[4.5309353]	0.9730519196629546	3.261548517225248e-14
1,5,1	[1.0189911]	0.991218842044442	4.744453983160048e-19
1,5,2	[9.666862]	0.9364048849355442	1.499687122515006e-10
1,5,3	[11.773005]	0.9444291446402998	4.0258614029554885e-11
1,5,4	[9.589013]	0.9373084517109863	1.304675214592374e-10
1,5,5	[2.3411372]	0.9755883456365209	1.2265169845672776e-14
1,5,6	[7.2866564]	0.9472595311299454	2.4153185028777764e-11
1,5,7	[9.12154]	0.9292859741045784	4.205341619398515e-10
1,5,8	[5.5208974]	0.9520531896685136	9.50241130650281e-12
1,5,9	[5.8388395]	0.9639688938282684	5.735428357196424e-13
1,6,0	[7.19387]	0.9588386514737679	2.1252975142466056e-12
1,6,1	[2.2282217]	0.9821356310547836	5.550290104148632e-16
1,6,2	[9.312539]	0.9466275293806947	2.7136821497156903e-11
1,6,3	[5.6377535]	0.9510830027603605	1.1563112688916262e-11
1,6,4	[0.935136]	0.9859399855309748	5.141639856956224e-17
1,6,5	[10.234748]	0.9400444010888596	8.446954796414353e-11
1,6,6	[0.9115525]	0.9881598494949092	9.306404430773359e-18
1,6,7	[1.3160683]	0.9826568095053436	4.136773568705723e-16
1,6,8	[23.882439]	0.8910697823806999	2.6893940696993945e-08
1,6,9	[10.534492]	0.9551448524601295	4.942678586621297e-12
1,7,0	[9.602251]	0.9352780286674189	1.7791910790842864e-10
1,7,1	[2.400757]	0.9825840808968165	4.312266782755979e-16
1,7,2	[6.224011]	0.9711048068276662	6.499811561216632e-14
1,7,3	[12.391598]	0.9424332288052034	5.681640171586805e-11
1,7,4	[0.90459895]	0.9858359535017849	5.5326280406847975e-17
1,7,5	[0.7729063]	0.9907328850511935	8.114226926199491e-19
1,7,6	[1.3510194]	0.980638634237361	1.2334398675738618e-15
1,7,7	[0.9860005]	0.9786226619482956	3.293680382390493e-15
1,7,8	[12.167779]	0.9429466105489216	5.206001362636224e-11
1,7,9	[11.412207]	0.9436612691216228	4.603215139004154e-11
1,8,0	[18.066685]	0.9481456148176663	2.046441467652643e-11
1,8,1	[0.7015933]	0.9945995449040956	3.7238863068118254e-21
1,8,2	[0.96119344]	0.9883415414280001	7.97894463094387e-18
1,8,3	[5.06744]	0.9617964890884266	1.0207077654912448e-12
1,8,4	[1.1510614]	0.9767732382824437	7.494017503380267e-15
1,8,5	[15.8393955]	0.9381191783574132	1.149350577555338e-10
1,8,6	[1.4521906]	0.9783086760560789	3.8057724842711665e-15
1,8,7	[7.7082853]	0.9580636314900716	2.5528799234822862e-12
1,8,8	[10.613692]	0.9443406458030785	4.0889199955046486e-11
1,8,9	[9.622301]	0.946570044381883	2.7423921185302893e-11
1,9,0	[8.620097]	0.9488104500464556	1.8037031160390933e-11
1,9,1	[10.542668]	0.9205202806282875	1.303841638971539e-09
1,9,2	[5.767514]	0.9678610117385813	1.8583527868430084e-13
1,9,3	[14.769573]	0.9512031364520886	1.1287918959969983e-11
1,9,4	[1.7472848]	0.9782620336928445	3.887654795647337e-15
1,9,5	[5.1897683]	0.9692829256041612	1.1889538223341878e-13
1,9,6	[1.6738365]	0.9884382011414277	7.344475575299715e-18
1,9,7	[1.7166375]	0.9777692096087423	4.854715745050853e-15
1,9,8	[11.116726]	0.9148233496701157	2.543202908417909e-09
1,9,9	[9.21193]	0.9409482017757982	7.28418862255539e-11
2,0,0	[1.4165726]	0.9925176558550914	9.624112120223032e-20
2,0,1	[2.0973253]	0.9815985426062404	7.447310818064733e-16
2,0,2	[3.3901765]	0.9813533335061344	8.492786521767441e-16
2,0,3	[7.592802]	0.9742272969710805	2.0982490484412515e-14
2,0,4	[1.4270997]	0.9844773774801518	1.374928101933436e-16
2,0,5	[4.967614]	0.9700867452240758	9.150606535533928e-14
2,0,6	[5.7390704]	0.9463991655497923	2.8293475574464475e-11
2,0,7	[0.24218081]	0.996140334037508	1.3029653405263476e-22
2,0,8	[0.9759721]	0.9919721277624453	1.9409573206997466e-19
2,0,9	[0.26641718]	0.9971317697642472	9.10283766215458e-23
2,1,0	[1.9597187]	0.9896280405366498	2.4913722160425345e-18
2,1,1	[7.9537783]	0.9608582237483858	1.2959230877078503e-12
2,1,2	[4.7718916]	0.9524251169435761	8.804168150926782e-12
2,1,3	[4.944193]	0.9707132174434777	7.424324920038234e-14
2,1,4	[0.7641208]	0.9922935719531607	1.2915634653971423e-19
2,1,5	[1.3107083]	0.9939075056775825	1.239971289373541e-20
2,1,6	[0.95936793]	0.9918325222761566	2.304847337105999e-19
2,1,7	[3.9179091]	0.9757382735168754	1.1539516523826325e-14
2,1,8	[1.1971052]	0.9915296958038231	3.312933585893323e-19
2,1,9	[0.65564114]	0.9927659612894186	5.870232178999481e-19
2,2,0	[4.4233747]	0.986089494855912	4.623173590722444e-17
2,2,1	[4.1676793]	0.9720973338046291	4.6013644711503165e-14
2,2,2	[0.25968406]	0.997589538597553	1.1830841938919642e-24
2,2,3	[0.57802725]	0.9969268046999333	1.3388644647239908e-23
2,2,4	[0.17399171]	0.9971078612929569	7.300427189589558e-24
2,2,5	[0.13350746]	0.9968778964312652	1.5675487677372472e-23
2,2,6	[0.5087791]	0.9946380602414049	3.467214488861028e-21
2,2,7	[1.9084338]	0.9815276647529604	7.736924802142605e-16
2,2,8	[4.7111897]	0.9541526434751453	6.126115205554767e-12
2,2,9	[5.9180765]	0.9606892328510789	4.992283999909643e-12
2,3,0	[1.5855461]	0.9864221905401427	3.634149911524155e-17
2,3,1	[3.179049]	0.9915521359529318	3.226501170896484e-19
2,3,2	[6.8794417]	0.9718223223981813	5.06975627701933e-14
2,3,3	[5.045026]	0.9644781485446774	4.984992782311492e-13
2,3,4	[1.6077373]	0.9790123584473138	2.7446073052419136e-15
2,3,5	[1.8753159]	0.990038468524222	1.6665715842524766e-18
2,3,6	[1.0312743]	0.9910115639782413	5.986045390818782e-19
2,3,7	[4.091591]	0.9621308734462456	9.3610668805664e-13
2,3,8	[0.32460475]	0.9955501359401162	5.393276296153339e-22
2,3,9	[0.16865228]	0.9981211283323981	1.642555947822378e-24
2,4,0	[0.60422224]	0.9895490895956184	2.6867723109764796e-18
2,4,1	[3.7293863]	0.976693687936522	7.752127172177187e-15
2,4,2	[1.2401417]	0.987981954292768	1.0795196220963756e-17
2,4,3	[6.753178]	0.967172447600618	2.2906080170156423e-13
2,4,4	[0.41139296]	0.9951487066230491	1.2771620586578038e-21
2,4,5	[5.459739]	0.9594820752485567	1.8203671085058584e-12
2,4,6	[0.86224246]	0.9926556281063232	7.994225269940101e-20
2,4,7	[2.6545222]	0.9891689920525685	3.834422805282574e-18
2,4,8	[3.8721979]	0.9660177745128533	3.2210911689734966e-13
2,4,9	[1.9122338]	0.9934890040503154	2.405409504498823e-20
2,5,0	[0.3452059]	0.9964421696187059	5.77863363555475e-23
2,5,1	[0.39007673]	0.9961361883826536	1.3170059155168196e-22
2,5,2	[3.889097]	0.9742183747141409	2.105446608311179e-14
2,5,3	[5.107387]	0.9694074177134568	1.1422257592875337e-13
2,5,4	[3.9704804]	0.971779857737963	5.1457745417673606e-14
2,5,5	[0.3107344]	0.9967096910678364	2.6473753315431586e-23
2,5,6	[1.8730729]	0.9877107083057048	1.347957331229202e-17
2,5,7	[7.206068]	0.9380944353601652	1.1538345867726947e-10
2,5,8	[0.88126796]	0.9931793793991669	3.8229801070851336e-20
2,5,9	[1.6589177]	0.9907113305927013	8.304208881915586e-19
2,6,0	[1.4572155]	0.9918396577110166	2.2848571749391713e-19
2,6,1	[0.29965317]	0.9965594891018472	4.13438477511067e-23
2,6,2	[3.6167502]	0.9808694183638977	1.0950986078442873e-15
2,6,3	[2.2991548]	0.9778183825751411	4.749359745246701e-15
2,6,4	[1.6948792]	0.9790790741075013	2.6593312436021175e-15
2,6,5	[2.1312792]	0.985662359176737	6.244888782710663e-17
2,6,6	[0.583119]	0.992776498606305	6.775210659165724e-20
2,6,7	[0.44444326]	0.9948373201079832	2.376119025626661e-21
2,6,8	[10.789586]	0.9349604995612295	1.865937705020571e-10
2,6,9	[3.6793673]	0.9808275621194334	1.1191025988251784e-15
2,7,0	[4.747179]	0.9718220188050836	5.070296158032408e-14
2,7,1	[0.41386345]	0.9964252813826071	6.05844736377743e-23
2,7,2	[1.3192533]	0.9922318139698406	1.3985260577595347e-19
2,7,3	[5.0430813]	0.9759368411868399	1.0637838666941929e-14
2,7,4	[0.29304597]	0.995188893516207	1.1754166981027046e-21
2,7,5	[1.112451]	0.9899643706856267	1.794224423932397e-18
2,7,6	[4.683048]	0.9553691030582613	4.705456158980495e-12
2,7,7	[0.27658352]	0.9940935665823567	9.100072117602731e-21
2,7,8	[3.915199]	0.9781991359770414	4.0005790369241234e-15
2,7,9	[4.750094]	0.9742288518644941	2.096996983108318e-14
2,8,0	[4.9840503]	0.9847244264497437	1.1723197634202595e-16
2,8,1	[0.14165011]	0.9984618931539	1.328709569556157e-26
2,8,2	[1.0893594]	0.9897940697241159	2.1215474495471826e-18
2,8,3	[0.9995838]	0.9905517717271863	9.83971149673751e-19
2,8,4	[0.26815072]	0.994658351164026	3.3384961128782624e-21
2,8,5	[4.2845874]	0.9867990009426761	2.7469264170260045e-17
2,8,6	[0.5262498]	0.9932949107260889	3.224145331066752e-20
2,8,7	[3.5038185]	0.9787664458785947	3.0805617589421527e-15
2,8,8	[3.2812119]	0.9777423819594745	4.91307623852586e-15
2,8,9	[3.1637504]	0.981618326327408	7.368230763212804e-16
2,9,0	[1.375978]	0.9920235449282935	1.8205489461851776e-19
2,9,1	[2.947671]	0.9828954117479232	3.605164455447822e-16
2,9,2	[1.0497601]	0.9935136347790048	2.3161817540508492e-20
2,9,3	[4.3219047]	0.9856340046207261	6.368751186037113e-17
2,9,4	[0.3099969]	0.9974249301654663	2.288817608689306e-24
2,9,5	[1.5943455]	0.9869097657754172	2.5261032328103408e-17
2,9,6	[0.36101878]	0.9961358824685596	1.3180473634589423e-22
2,9,7	[1.3504325]	0.9879389324682157	1.1185945293950565e-17
2,9,8	[7.796977]	0.9339963180222906	2.1530046931040162e-10
2,9,9	[2.529256]	0.9860656431893104	4.702597753770224e-17
4,0,0	[0.24936897]	0.9988634508700511	6.458936062548309e-28
4,0,1	[0.17661136]	0.9985821357007871	5.890137717879529e-27
4,0,2	[0.45795715]	0.9975262933937896	1.5324391621696322e-24
4,0,3	[2.5600224]	0.9899754319442748	1.7746269465918184e-18
4,0,4	[0.23067786]	0.9974342015870843	2.207816039115679e-24
4,0,5	[0.6386106]	0.9971049802142999	7.373392147368714e-24
4,0,6	[9.025069]	0.9347638751449234	1.9215314509915236e-10
4,0,7	[0.4543506]	0.9928815507859561	5.854452877400003e-20
4,0,8	[0.2256744]	0.9977549155672419	5.816138355362149e-25
4,0,9	[0.14234444]	0.9987853369659766	2.611786806301046e-26
4,1,0	[0.12711424]	0.9990905751360231	6.955859200551505e-29
4,1,1	[1.066752]	0.9966128259774584	3.537133995486738e-23
4,1,2	[8.950033]	0.9219347199461195	1.096075072448956e-09
4,1,3	[1.0808381]	0.9934499912051263	2.5530780811847958e-20
4,1,4	[0.51343995]	0.9932822795242323	3.2852297542682175e-20
4,1,5	[0.0614021]	0.999498054666605	1.82797782499418e-31
4,1,6	[0.6328493]	0.9962022468419467	1.108697775236901e-22
4,1,7	[0.9529068]	0.9965795109644615	3.900310338779025e-23
4,1,8	[0.06971193]	0.9994165984594808	8.221246618334013e-31
4,1,9	[0.4989287]	0.9929396464931337	4.66315201990293e-19
4,2,0	[0.60874826]	0.99866575104128	3.208456407581865e-27
4,2,1	[0.87012047]	0.9943511628816813	5.832315585845812e-21
4,2,2	[0.19028625]	0.9981988637628562	6.435214167344498e-26
4,2,3	[0.40340203]	0.9966582086057022	3.0913666737093227e-23
4,2,4	[0.10200299]	0.9979663367193546	2.165082153390011e-25
4,2,5	[0.18319418]	0.995149258818235	1.2757119697172028e-21
4,2,6	[0.778496]	0.9921021784150481	1.649363916965431e-19
4,2,7	[0.34605634]	0.9957155655380768	3.695002428453567e-22
4,2,8	[4.419857]	0.9640987546810391	5.535021674402767e-13
4,2,9	[1.4834335]	0.9921538312864344	1.2669501253063363e-18
4,3,0	[0.8260685]	0.9943491092109155	5.853504768399784e-21
4,3,1	[0.12326249]	0.999245605773702	1.0738450943586629e-29
4,3,2	[1.7204827]	0.9956541217625111	4.259374882059408e-22
4,3,3	[0.8138368]	0.9940711831566356	9.450008106071202e-21
4,3,4	[0.146993]	0.9979697833100237	2.128697617298347e-25
4,3,5	[0.14061028]	0.9989896090279872	1.992496925811408e-28
4,3,6	[0.1831411]	0.9987568539751787	1.58238012975944e-27
4,3,7	[8.18372]	0.9317413153221692	2.9841394153916907e-10
4,3,8	[0.16943821]	0.9980237391723571	1.6264046361893946e-25
4,3,9	[0.1699827]	0.9982780418866232	7.177518698320347e-25
4,4,0	[0.8635025]	0.9894671957791901	2.9039129181198324e-18
4,4,1	[2.348739]	0.9883816584461872	7.709871460181229e-18
4,4,2	[0.32043523]	0.9976437841413621	9.424559386075227e-25
4,4,3	[0.7708552]	0.9972053844852169	5.1826422061420344e-24
4,4,4	[0.08779936]	0.9990269079421967	1.368071085069457e-28
4,4,5	[8.908387]	0.928401463976032	4.744242436382015e-10
4,4,6	[0.9075312]	0.990659518783226	8.777347652806055e-19
4,4,7	[0.4728506]	0.9981480930391415	8.495691520201956e-26
4,4,8	[0.5288376]	0.9976644380632369	8.630996254419478e-25
4,4,9	[0.18782477]	0.9990024382300309	1.7535730533897988e-28
4,5,0	[0.19280824]	0.9979312429120433	2.5687183923394754e-25
4,5,1	[0.24691615]	0.9979122448944452	2.8143834335379897e-25
4,5,2	[1.0300733]	0.9912881718029304	4.38414593524038e-19
4,5,3	[2.2018435]	0.9859966406223343	4.939324760694548e-17
4,5,4	[1.5632669]	0.9884110332983295	7.51805222844532e-18
4,5,5	[1.9647368]	0.9767763250279538	7.484159647623464e-15
4,5,6	[0.4815354]	0.995946321126574	2.12610057420705e-22
4,5,7	[7.198604]	0.946567113456208	2.743863181782369e-11
4,5,8	[0.13061401]	0.9987381864569728	1.8365722808435927e-27
4,5,9	[0.47494593]	0.9957673853980579	3.2723457226665835e-22
4,6,0	[0.57899255]	0.9965848395287358	3.840057873619504e-23
4,6,1	[0.10694987]	0.9992864359215199	6.15687637492188e-30
4,6,2	[0.547213]	0.9965821298196151	3.87059229900812e-23
4,6,3	[0.09876976]	0.9990758224675439	8.16978046280753e-29
4,6,4	[0.08667233]	0.9988312831752174	8.537183761963905e-28
4,6,5	[1.3702095]	0.9895118413598742	2.783656373547135e-18
4,6,6	[0.18672949]	0.9984759491175899	1.2122289933539249e-26
4,6,7	[0.48225033]	0.9940245183110479	1.0218753476141715e-20
4,6,8	[7.0815883]	0.9558854462538132	4.197584148677486e-12
4,6,9	[0.48251265]	0.9980402220810758	1.4958356856869615e-25
4,7,0	[0.68787146]	0.9970956789805491	7.613451828699883e-24
4,7,1	[1.2623452]	0.9901323479194125	1.5165915706181607e-18
4,7,2	[0.2558709]	0.9978626630671911	3.5581926324257934e-25
4,7,3	[0.6602123]	0.9958296041838962	2.822639553762239e-22
4,7,4	[0.13639022]	0.9977053805863784	7.233133625487286e-25
4,7,5	[0.14493783]	0.9979341876083614	2.5324187623480595e-25
4,7,6	[9.284733]	0.9198703963325982	1.4105764735298962e-09
4,7,7	[0.8555775]	0.9827752772569746	3.8646150166041514e-16
4,7,8	[0.58884]	0.995841311952137	2.744523416650643e-22
4,7,9	[0.77263224]	0.99615340074458	1.2595875193697588e-22
4,8,0	[0.43138486]	0.9981326374256874	9.231369125363243e-26
4,8,1	[0.09813196]	0.9989331258467808	3.4319000509232433e-28
4,8,2	[0.07598291]	0.999447184606255	4.798633638255481e-31
4,8,3	[0.36874008]	0.9967142697177723	2.6108144218805346e-23
4,8,4	[0.08681912]	0.9986299240548817	4.181288578483707e-27
4,8,5	[0.40536162]	0.9981098117995538	1.042292240147185e-25
4,8,6	[0.65030384]	0.9923420548065542	1.2128118470712439e-19
4,8,7	[0.39965388]	0.9972582782027044	4.282116732800029e-24
4,8,8	[0.43865642]	0.9970291067209399	9.547452657424665e-24
4,8,9	[0.8162422]	0.9962316682593504	1.0258632696507862e-22
4,9,0	[0.74069494]	0.9954516165513018	6.710896895822542e-22
4,9,1	[0.6460374]	0.9955559400202098	5.323468408584476e-22
4,9,2	[0.16875824]	0.9986068784147694	4.9398410348085355e-27
4,9,3	[0.89431816]	0.9952329207335333	1.0723690678584839e-21
4,9,4	[0.8131542]	0.9903541130511645	1.2093379096979637e-18
4,9,5	[0.69659585]	0.9944470752739782	4.916308938870644e-21
4,9,6	[0.2690891]	0.9980899081626748	1.1573004528495374e-25
4,9,7	[1.240274]	0.9873122696070464	1.8515497115119476e-17
4,9,8	[8.870541]	0.9349973451599557	1.855681463149638e-10
4,9,9	[0.38183343]	0.9983434174236434	2.7892360470341024e-26
8,0,0	[0.11855965]	0.9994745393832403	2.8891270359679896e-31
8,0,1	[0.326358]	0.9971182708606409	7.04218114271415e-24
8,0,2	[0.6429088]	0.9952855240188024	9.599496746783314e-22
8,0,3	[2.45941]	0.9914871144417534	3.482688877295629e-19
8,0,4	[0.31437314]	0.996432023716789	5.945307248534966e-23
8,0,5	[0.216093]	0.9986399903191153	3.884200335025944e-27
8,0,6	[11.160357]	0.9269743307892799	5.744674771154314e-10
8,0,7	[2.0883641]	0.967753607778097	1.9205429168320018e-13
8,0,8	[0.66900426]	0.9926716437649894	7.82211236737678e-20
8,0,9	[0.43109888]	0.9952340440832868	1.1248501338755956e-20
8,1,0	[0.6110601]	0.9971158727498907	7.100934801263281e-24
8,1,1	[0.30949944]	0.9986948106837529	2.5746261579091974e-27
8,1,2	[6.821481]	0.9349911324585232	1.8574072726158758e-10
8,1,3	[1.2712444]	0.9924342374455165	1.074885665863848e-19
8,1,4	[0.89427245]	0.9884744731473565	7.118349761151239e-18
8,1,5	[0.76540965]	0.9950928251424161	1.4318135419579944e-21
8,1,6	[0.21305002]	0.9984117078730923	1.8313848650734057e-26
8,1,7	[0.20656642]	0.9988326929579364	8.434808541452614e-28
8,1,8	[1.1740482]	0.9904493176631259	1.0955692436213055e-18
8,1,9	[0.0995179]	0.9986319621337851	8.077618518821642e-26
8,2,0	[0.56664246]	0.9968649029867913	1.6339348324690618e-23
8,2,1	[0.11923053]	0.999516565896281	1.2554876703546038e-31
8,2,2	[0.17832817]	0.9981736526688167	7.394116404307747e-26
8,2,3	[0.32747352]	0.9978161659955962	4.411772489390168e-25
8,2,4	[0.28270724]	0.9940498772945494	9.794293439891959e-21
8,2,5	[0.17099845]	0.9960659413796131	1.5765637763617255e-22
8,2,6	[0.2969146]	0.997247514013565	4.453040788572162e-24
8,2,7	[0.36615103]	0.9953397029096043	8.553555453097502e-22
8,2,8	[12.030902]	0.9087401340658742	4.94023650675695e-09
8,2,9	[0.1874756]	0.9989512141955105	6.477526961357877e-27
8,3,0	[0.5624723]	0.9959661228865563	2.0246607778863125e-22
8,3,1	[1.186451]	0.992033798272778	1.7973572295514108e-19
8,3,2	[0.49673197]	0.9985324008927501	8.313133367727134e-27
8,3,3	[0.22956625]	0.9984029346413297	1.9350272645892642e-26
8,3,4	[0.20177256]	0.997137994189032	6.575303571766754e-24
8,3,5	[0.12202458]	0.9993940614601342	1.2009022828925667e-30
8,3,6	[0.29285437]	0.9981391698536926	8.91371121857751e-26
8,3,7	[8.804194]	0.9284586664234358	4.707610941189334e-10
8,3,8	[0.2028644]	0.9972147089900673	5.012483195991264e-24
8,3,9	[0.21097915]	0.9985989267075328	1.0131508923933132e-25
8,4,0	[0.12586989]	0.9982337015105043	5.29419926037028e-26
8,4,1	[0.45915964]	0.9965850016666349	3.8382377096643564e-23
8,4,2	[0.2494145]	0.9976210184113635	1.0374821428409926e-24
8,4,3	[0.572057]	0.9965587067465862	4.14378250710116e-23
8,4,4	[0.25217903]	0.9970933982755839	7.673378769883512e-24
8,4,5	[11.799067]	0.8994749829244404	1.2489230717216214e-08
8,4,6	[1.160062]	0.9879118580668297	1.143832300618637e-17
8,4,7	[0.19216795]	0.9989311797190753	3.4949912607785187e-28
8,4,8	[0.03730938]	0.9997289714614144	3.854493120004118e-34
8,4,9	[0.21024019]	0.9989425538483103	3.140523604015961e-28
8,5,0	[0.21909577]	0.9976625697397945	8.700222071019147e-25
8,5,1	[0.13424149]	0.9989088530403748	4.29726383185655e-28
8,5,2	[0.11024113]	0.9990771661382222	8.051817640928739e-29
8,5,3	[1.7941219]	0.9881857736419005	9.105606097359856e-18
8,5,4	[0.5909592]	0.9962871676406767	8.846069801906921e-23
8,5,5	[0.8807528]	0.9916752682820144	2.7873061613304043e-19
8,5,6	[0.24673137]	0.9982703415045993	4.293664393552163e-26
8,5,7	[12.061175]	0.9261060582772	6.441785821794029e-10
8,5,8	[2.4766681]	0.9799643486581681	1.7321467420182812e-15
8,5,9	[0.14634356]	0.9987938718687017	1.1697407954466477e-27
8,6,0	[0.65759486]	0.9964819496771421	5.1649250459513987e-23
8,6,1	[0.1510999]	0.998736286126306	1.8644053381706732e-27
8,6,2	[0.16288163]	0.998859478512516	6.688157692343271e-28
8,6,3	[0.17843603]	0.9982167472791524	5.824492848853943e-26
8,6,4	[1.3007996]	0.9835409177138337	2.460424621566323e-16
8,6,5	[0.8715996]	0.9941930420524209	7.68167081580691e-21
8,6,6	[0.6603885]	0.9912688627969896	4.481936254022499e-19
8,6,7	[0.2791765]	0.9965327906723007	4.466163664839493e-23
8,6,8	[8.54638]	0.9527645653616976	8.207400453391468e-12
8,6,9	[0.20700459]	0.9986021318819371	5.1106521302036584e-27
8,7,0	[0.37381238]	0.9971689689312879	5.898100239802198e-24
8,7,1	[0.1319789]	0.9992322732341951	1.279384849079545e-29
8,7,2	[0.19889446]	0.9983159777250343	3.2868804533760285e-26
8,7,3	[0.36859876]	0.997642638609857	9.470435116456788e-25
8,7,4	[0.22475561]	0.9966717538279515	2.968490537169416e-23
8,7,5	[0.08247102]	0.9988012924551362	1.0997671585170065e-27
8,7,6	[11.68654]	0.8957603557582372	1.7669561527372733e-08
8,7,7	[0.48663694]	0.9903624922736547	1.1989148275176597e-18
8,7,8	[0.37880164]	0.9972992527286864	3.6841473850078664e-24
8,7,9	[0.23715444]	0.9983870257137921	2.1365169754112484e-26
8,8,0	[0.11485314]	0.9994001076460175	1.0863403744140243e-30
8,8,1	[0.07840317]	0.9992480643695449	1.0393674012108814e-29
8,8,2	[0.30298024]	0.997318487785021	3.430279797822946e-24
8,8,3	[0.05188417]	0.999530264219739	9.418904031791388e-32
8,8,4	[0.22905603]	0.9954233658130275	7.13874019018035e-22
8,8,5	[0.16240579]	0.9989632951059635	2.5763674606923954e-28
8,8,6	[0.3292525]	0.9948865888212791	2.159290649738707e-21
8,8,7	[0.05664121]	0.9995580011226726	5.125366216289851e-32
8,8,8	[0.16028339]	0.999026083093749	1.3797073146447687e-28
8,8,9	[0.06663816]	0.9995963509653649	2.0683335086557736e-32
8,9,0	[0.61044896]	0.9950276343269302	1.633374089039436e-21
8,9,1	[0.3871111]	0.9979116221094907	2.822782922390853e-25
8,9,2	[0.14102755]	0.9992405764702534	1.1475975987688868e-29
8,9,3	[0.45021638]	0.9977123039490183	7.0180327363641655e-25
8,9,4	[0.72334546]	0.9909974611901592	6.080279750853788e-19
8,9,5	[0.5727855]	0.994675703081642	3.231849302129758e-21
8,9,6	[0.07093329]	0.9992271634249196	1.3671053227759116e-29
8,9,7	[0.09832614]	0.9986921538351079	2.6274894729764218e-27
8,9,8	[11.063295]	0.9258710825006511	6.642989646307766e-10
8,9,9	[0.20342465]	0.9986280688844817	4.2382199485173196e-27
16,0,0	[0.54754204]	0.9957832317848326	3.15208138608923e-22
16,0,1	[0.3181703]	0.9972971330772394	3.713132105036765e-24
16,0,2	[0.5524485]	0.9966239084095286	3.42324775890746e-23
16,0,3	[0.444018]	0.9980546264943959	1.3895394146544326e-25
16,0,4	[0.11236329]	0.9985934974484418	5.4350584198149004e-27
16,0,5	[0.2472973]	0.9982299878354433	5.406487656052288e-26
16,0,6	[9.976562]	0.9342959612526421	2.0598311187808044e-10
16,0,7	[0.38846514]	0.9939558395641366	1.1452656355766427e-20
16,0,8	[0.47736797]	0.9948390099986099	2.368369173641892e-21
16,0,9	[0.11736935]	0.9986872149116537	5.461136959858327e-26
16,1,0	[0.18820633]	0.9988960195142375	4.830039757002963e-28
16,1,1	[1.235777]	0.9931273392470541	4.124007587691572e-20
16,1,2	[11.784628]	0.8999512655466719	1.1934210922962268e-08
16,1,3	[0.8410316]	0.9951633491695896	1.239207532933682e-21
16,1,4	[0.39152706]	0.995030673651255	1.6234378468423595e-21
16,1,5	[0.35872704]	0.9973131651888354	3.4989033552344116e-24
16,1,6	[0.64450383]	0.9944002164617414	5.3462621257719094e-21
16,1,7	[0.5603658]	0.9952920156057145	9.46838466570151e-22
16,1,8	[0.32619932]	0.9979908523702913	1.917988483785199e-25
16,1,9	[0.21094032]	0.9972501680685271	6.101689356637555e-23
16,2,0	[0.44904792]	0.9976720146363942	8.355317723858673e-25
16,2,1	[0.5598533]	0.997044441681608	9.066498868119336e-24
16,2,2	[0.2128593]	0.9980658274595137	1.3116348625021215e-25
16,2,3	[0.11688976]	0.9990182955332668	1.4940383561157748e-28
16,2,4	[0.10909858]	0.997879389184334	3.2895691257440897e-25
16,2,5	[0.3393083]	0.9936323608515758	1.9264360901441536e-20
16,2,6	[0.56680584]	0.9945368826349261	4.178174168311401e-21
16,2,7	[0.25860086]	0.996653937330033	3.131051899267156e-23
16,2,8	[8.5154915]	0.9314132276871825	3.126391414230212e-10
16,2,9	[0.2035963]	0.998799496160351	2.336602830463092e-26
16,3,0	[0.4526537]	0.9962321724276105	1.0244937010323626e-22
16,3,1	[0.85771936]	0.9940986505970151	9.022233267831773e-21
16,3,2	[1.8773388]	0.993589304889013	2.0603674804207596e-20
16,3,3	[0.20339075]	0.998618615949568	4.539290732827793e-27
16,3,4	[0.46332636]	0.9936497619099127	1.8745682208370034e-20
16,3,5	[0.2464057]	0.9983037827093251	3.5326350133347653e-26
16,3,6	[1.2534808]	0.98814924338981	9.389696203485009e-18
16,3,7	[11.006812]	0.9166933622962363	2.05312999275953e-09
16,3,8	[0.13703196]	0.998275522329183	4.1668648769849024e-26
16,3,9	[0.279093]	0.9971571788606466	8.365786626019734e-23
16,4,0	[0.2613426]	0.9960749578070238	1.540857996956433e-22
16,4,1	[0.20440088]	0.9985836174392635	5.828906883181385e-27
16,4,2	[0.22759122]	0.9978698996506261	3.4396405259139412e-25
16,4,3	[0.3307903]	0.9982070847879027	6.147655227597564e-26
16,4,4	[0.04318041]	0.9994303484836913	6.477075699943196e-31
16,4,5	[9.272604]	0.9150522815024955	2.4780754407438874e-09
16,4,6	[0.73431486]	0.9931889218617496	3.769977367874587e-20
16,4,7	[0.51309377]	0.9972970885256056	3.713743512194734e-24
16,4,8	[0.2422947]	0.998298672451385	3.640442428142519e-26
16,4,9	[0.20924754]	0.9987175130474484	2.1604737154723808e-27
16,5,0	[0.19536653]	0.9979846366941361	1.9781076350436665e-25
16,5,1	[0.23167448]	0.997770219550666	5.431955359499411e-25
16,5,2	[0.30066139]	0.9975810053190223	1.2255972921609204e-24
16,5,3	[0.52328354]	0.997220033506273	4.9175891489022465e-24
16,5,4	[1.010024]	0.9939591009701895	1.1391160469358456e-20
16,5,5	[0.15125658]	0.9985539651693484	7.169951771467725e-27
16,5,6	[0.37596655]	0.9978134170621042	4.467571669801685e-25
16,5,7	[6.458057]	0.9560867887635287	4.013257113336701e-12
16,5,8	[1.0044788]	0.9958611060464281	2.6168674096422364e-22
16,5,9	[0.6660683]	0.9942943849314634	6.444274916600963e-21
16,6,0	[0.18355356]	0.9987848687966728	1.2600010186888284e-27
16,6,1	[0.17657806]	0.9980185681993816	1.6694294611780902e-25
16,6,2	[0.22986054]	0.9982703274274354	4.294013607156157e-26
16,6,3	[0.16612437]	0.9985047814397365	1.0015855518459961e-26
16,6,4	[0.70047975]	0.9896694952909872	2.3939765119316275e-18
16,6,5	[0.16713491]	0.9986889271192223	2.6930037538644072e-27
16,6,6	[0.7938326]	0.9890356702161565	4.33105983905026e-18
16,6,7	[0.273876]	0.9966318339291756	3.343837769624098e-23
16,6,8	[7.5687976]	0.9566586761037741	3.52859578553532e-12
16,6,9	[0.24194436]	0.9983797498856161	2.234804721527099e-26
16,7,0	[0.32958058]	0.997505075399212	1.668929032175231e-24
16,7,1	[0.41115057]	0.9960694270435692	1.5626729518860448e-22
16,7,2	[0.19735152]	0.9982569645269043	4.6372757945220546e-26
16,7,3	[1.2926818]	0.9919180622361581	2.0752484443699629e-19
16,7,4	[0.6517008]	0.9897150204256524	2.290973459973592e-18
16,7,5	[0.06492901]	0.9991825061686682	2.397125528088226e-29
16,7,6	[11.16468]	0.9020739861925622	9.718387872253251e-09
16,7,7	[0.11045928]	0.9985882497221934	5.641160582586777e-27
16,7,8	[0.314432]	0.9979563961005167	2.2731780775148703e-25
16,7,9	[0.06527832]	0.999508546389666	1.479962313011143e-31
16,8,0	[0.26584902]	0.9985870137003217	5.6907165737035485e-27
16,8,1	[0.14331454]	0.9984841130294047	1.1488748294949906e-26
16,8,2	[0.58101445]	0.9924582504269437	1.0413556396734457e-19
16,8,3	[0.12500942]	0.9988731332879563	5.929547557329363e-28
16,8,4	[0.12562154]	0.9974789403217945	1.8520316207089437e-24
16,8,5	[0.21238336]	0.9987976443496254	1.133682283448824e-27
16,8,6	[0.7034239]	0.9900804695122853	1.5978976576487989e-18
16,8,7	[0.5315829]	0.9968899346244647	1.5082196775503356e-23
16,8,8	[1.1913792]	0.9921771605667526	1.499757799482253e-19
16,8,9	[0.15165386]	0.9988926617422571	4.978904737095908e-28
16,9,0	[1.0622624]	0.9923996569611908	1.1248782204171054e-19
16,9,1	[0.57214016]	0.996878872830742	1.5626595953025896e-23
16,9,2	[0.15700212]	0.9988300893429589	8.624750032215521e-28
16,9,3	[0.4900955]	0.9973180643086409	3.435694941469079e-24
16,9,4	[0.47089794]	0.9944750950800404	4.674329105016916e-21
16,9,5	[0.2580005]	0.9976467598767103	9.306321385976525e-25
16,9,6	[0.05776982]	0.9993813917300869	1.4769187709237088e-30
16,9,7	[0.30208865]	0.9961066274833025	1.4211347814406317e-22
16,9,8	[12.897815]	0.9165389360886694	2.090139005250338e-09
16,9,9	[0.24594064]	0.9981039672541097	1.0749468006782242e-25
32,0,0	[0.4466233]	0.996626124182824	3.400877644130997e-23
32,0,1	[0.25882795]	0.9976958598314604	7.538620340886471e-25
32,0,2	[0.5629823]	0.9963090887030922	8.338194933036037e-23
32,0,3	[0.8287031]	0.9968729956241201	1.5922973605221512e-23
32,0,4	[0.15085354]	0.9980351164218473	1.5352335051853034e-25
32,0,5	[0.17913307]	0.9986374342399438	3.957781307037483e-27
32,0,6	[10.991029]	0.926187363087036	6.373445160999671e-10
32,0,7	[0.34494087]	0.9945431267485431	4.130770023922933e-21
32,0,8	[0.5333275]	0.9939575444370645	1.1420472742387357e-20
32,0,9	[0.15705788]	0.9982316366171802	9.23871605218288e-25
32,1,0	[0.40353286]	0.9976743266622259	8.272785541078445e-25
32,1,1	[0.9468278]	0.9946084065158158	3.663363364921235e-21
32,1,2	[12.442985]	0.8927129849954321	2.3264902391616513e-08
32,1,3	[0.24406315]	0.9985583690758262	6.954684310941961e-27
32,1,4	[0.6943922]	0.9919120915995735	2.090579440611746e-19
32,1,5	[0.2661471]	0.9979229797976249	2.6730926908330054e-25
32,1,6	[0.27839553]	0.9978062557529719	4.61592977281889e-25
32,1,7	[0.26871446]	0.9984870552843716	1.1267831198894197e-26
32,1,8	[0.49231446]	0.9975534776070318	1.3722765840314857e-24
32,1,9	[0.35112396]	0.9951779619570309	1.2568013194542865e-20
32,2,0	[0.399856]	0.9981256983678305	9.579924984439895e-26
32,2,1	[0.5268117]	0.9969028923546879	1.4466233625439568e-23
32,2,2	[0.3944484]	0.9959084853272165	2.3327284246344774e-22
32,2,3	[0.09367976]	0.9991447751872589	3.763412316866821e-29
32,2,4	[0.46215144]	0.9902108814972679	1.4005748499666388e-18
32,2,5	[0.15019466]	0.9962677215753812	9.319716369890549e-23
32,2,6	[0.4079172]	0.9961619834780242	1.2318067791930143e-22
32,2,7	[0.40158987]	0.9937102601668704	1.7038672499442406e-20
32,2,8	[8.259933]	0.935506860250591	1.7189308342800508e-10
32,2,9	[0.15943539]	0.9991950450579895	5.249547845378591e-28
32,3,0	[0.51441646]	0.9956560009972844	4.241025052786437e-22
32,3,1	[0.20127915]	0.9987051223761296	2.3783987457645372e-27
32,3,2	[0.98707736]	0.9968481019185064	1.7235213097908683e-23
32,3,3	[0.21756725]	0.9986749839103085	2.993335181025862e-27
32,3,4	[0.24789906]	0.9963856772923043	6.763033052412187e-23
32,3,5	[0.16704728]	0.9987936835139148	1.1715679001410607e-27
32,3,6	[0.74094754]	0.9927838696743816	6.706593922988912e-20
32,3,7	[10.141903]	0.9205346536669763	1.3015648883559008e-09
32,3,8	[0.38817474]	0.9943605932945438	5.7358984237084085e-21
32,3,9	[0.1227411]	0.9987593142268238	3.194119243133312e-26
32,4,0	[0.31954694]	0.9952757292133685	9.800417571005029e-22
32,4,1	[0.44336188]	0.9980577413719912	1.3674675649925005e-25
32,4,2	[0.10147727]	0.9990934057671297	6.742440088535218e-29
32,4,3	[0.6688635]	0.9965931894424088	3.7473246478482955e-23
32,4,4	[0.05507425]	0.9993359624859194	2.9994719882979808e-30
32,4,5	[11.574577]	0.9035035144214412	8.4406689482386e-09
32,4,6	[0.25960323]	0.9974728362725884	1.8973177603379416e-24
32,4,7	[0.58237463]	0.9967348117486652	2.4523118575628185e-23
32,4,8	[0.10548386]	0.9994402038373694	5.440052364418043e-31
32,4,9	[0.34518206]	0.997997794866329	1.8527872456167501e-25
32,5,0	[0.13720101]	0.9985454575424924	7.602870567413545e-27
32,5,1	[0.33138132]	0.9967476245204641	2.3578871916892716e-23
32,5,2	[0.3266282]	0.9979647908695465	2.181582206905919e-25
32,5,3	[0.6562453]	0.9965760831924664	3.939517898842906e-23
32,5,4	[1.2194932]	0.9924250129132927	1.0880221232816538e-19
32,5,5	[0.05465288]	0.9993642946294305	1.9396698484776407e-30
32,5,6	[0.8947616]	0.9925194180293029	9.601539722041042e-20
32,5,7	[10.395587]	0.9309510398846427	3.337070381019119e-10
32,5,8	[0.31072748]	0.9980281389896536	1.5905847015039113e-25
32,5,9	[0.15369922]	0.9988471068315843	7.449728619929969e-28
32,6,0	[0.9286621]	0.9937905759310547	1.4988743162885098e-20
32,6,1	[0.10383952]	0.9993215253025463	3.7190289834598876e-30
32,6,2	[0.26897475]	0.9982315514853513	5.358949825705999e-26
32,6,3	[0.08924921]	0.9991225461343168	4.863873642921039e-29
32,6,4	[0.36445734]	0.9952298697289825	1.0792386988159318e-21
32,6,5	[0.5876517]	0.9959820767210236	1.9461236102753967e-22
32,6,6	[0.32179448]	0.9955504338460258	5.389673317443347e-22
32,6,7	[0.23450899]	0.9975295578598393	1.5123559774119966e-24
32,6,8	[10.9541645]	0.9378235833946645	1.2039525586631882e-10
32,6,9	[0.26305258]	0.9982718636957959	4.2560536854769533e-26
32,7,0	[0.19548813]	0.9988768873446106	5.735033249677176e-28
32,7,1	[0.7843721]	0.9936731313655116	1.8068868938043847e-20
32,7,2	[0.16411354]	0.9988427537419874	7.735705165242872e-28
32,7,3	[0.56697726]	0.9965429300162503	4.3374428401861243e-23
32,7,4	[0.7538506]	0.9868203805987541	2.7029991746031386e-17
32,7,5	[0.42296603]	0.9941392104249809	8.422369542552e-21
32,7,6	[10.29216]	0.9080158531361748	5.330166166865144e-09
32,7,7	[0.79027915]	0.9845049253655994	1.3508745374666532e-16
32,7,8	[0.21997462]	0.9988831070639687	5.425368329672999e-28
32,7,9	[0.17054032]	0.9987103069766976	2.2849154135135385e-27
32,8,0	[0.39087763]	0.9979618936353976	2.212811703491703e-25
32,8,1	[0.13509876]	0.9986923824659628	2.622902298973583e-27
32,8,2	[0.13481794]	0.99842166302056	1.719850936086758e-26
32,8,3	[0.08275326]	0.9992360924840715	1.2171637259756893e-29
32,8,4	[0.33397162]	0.9939813996219666	1.0978600990773188e-20
32,8,5	[0.22438702]	0.998679851123178	2.885237633610557e-27
32,8,6	[0.41753343]	0.9941691203411442	8.003262457475932e-21
32,8,7	[0.18149845]	0.9987991317180471	1.1197427480302204e-27
32,8,8	[0.48479536]	0.996665584652718	3.0238987336583817e-23
32,8,9	[0.17366348]	0.9987656542852791	1.473917396451351e-27
32,9,0	[0.2166337]	0.9986518792423328	3.5578752474807066e-27
32,9,1	[0.22802776]	0.9989499767494396	2.9269937999970713e-28
32,9,2	[0.08375511]	0.9992627709044581	8.5312614694129e-30
32,9,3	[0.5709183]	0.9968438491037905	1.746887833761222e-23
32,9,4	[0.24634928]	0.9971589499477613	6.109938268329803e-24
32,9,5	[0.08757629]	0.9992500972392235	1.0116157573458426e-29
32,9,6	[1.0673792]	0.988666081134177	6.024410104275235e-18
32,9,7	[0.23175937]	0.9970957606889712	7.611312724370321e-24
32,9,8	[10.985932]	0.9262293651390627	6.338394746960894e-10
32,9,9	[0.24016222]	0.9981670707466148	7.664747682854767e-26
64,0,0	[0.35751453]	0.9976052997667071	1.108034877356962e-24
64,0,1	[0.14063461]	0.9987272830336761	2.0014978865259155e-27
64,0,2	[0.2517338]	0.9986379063614907	3.9440967970683766e-27
64,0,3	[0.9929318]	0.996314778808201	8.210728434563757e-23
64,0,4	[0.1678968]	0.9980131934990718	1.715232320314827e-25
64,0,5	[0.20993643]	0.9984788743992572	1.1891755096197106e-26
64,0,6	[11.552553]	0.9216496443333086	1.135395096223021e-09
64,0,7	[0.37108147]	0.9944928562201155	4.526546461335424e-21
64,0,8	[0.17262496]	0.9981203640696251	9.85587466751671e-26
64,0,9	[0.10016686]	0.9989733834301839	5.28810687745133e-27
64,1,0	[0.23069917]	0.998666289436525	3.195540191933484e-27
64,1,1	[0.95116305]	0.9946035759163261	3.6962447134251215e-21
64,1,2	[11.723685]	0.9013839353006633	1.03946798237072e-08
64,1,3	[0.30346507]	0.9982092020230494	6.075495429606335e-26
64,1,4	[0.17615859]	0.9978229951508228	4.275855063733416e-25
64,1,5	[0.03471851]	0.999695891689785	1.219105086587895e-33
64,1,6	[0.3574103]	0.997020965824599	9.81199624687771e-24
64,1,7	[0.38057086]	0.9984367476216887	1.5624685598798087e-26
64,1,8	[0.3004051]	0.9982131182361916	5.944028414652568e-26
64,1,9	[0.2795471]	0.9960073261873806	2.0987929841991622e-21
64,2,0	[0.5719272]	0.997774285506766	5.333802473492791e-25
64,2,1	[0.16579337]	0.9988274865333339	8.818471455955467e-28
64,2,2	[0.14029337]	0.9984410824844938	1.519705305871737e-26
64,2,3	[0.11149707]	0.9990535199555247	1.0368866952028118e-28
64,2,4	[0.23255715]	0.9952667512179598	9.987897786595428e-22
64,2,5	[0.16858263]	0.9957001485106334	3.8298944720552037e-22
64,2,6	[0.37681106]	0.9968912486613656	1.5018674694529636e-23
64,2,7	[0.53146577]	0.9920990945281825	1.6557946079401375e-19
64,2,8	[9.866314]	0.9236447779953718	8.846860227303182e-10
64,2,9	[0.34235168]	0.9971135757465038	9.665734329307654e-23
64,3,0	[0.20230316]	0.9983105552035654	3.394188876900082e-26
64,3,1	[0.09499137]	0.9994332045722489	6.159633228014542e-31
64,3,2	[0.70582306]	0.9978848223991349	3.206323553903401e-25
64,3,3	[0.20850067]	0.9984785209749647	1.1919396528364877e-26
64,3,4	[0.10936825]	0.998435043273064	1.5795762994175477e-26
64,3,5	[0.22777845]	0.9980143242613033	1.7055031829041864e-25
64,3,6	[0.2664305]	0.9974240163117254	2.2969446673247085e-24
64,3,7	[9.95319]	0.9230307841027416	9.559715598793268e-10
64,3,8	[0.09767412]	0.9985592810090885	6.910841842746299e-27
64,3,9	[0.24600415]	0.9979731876167288	3.372710084527717e-24
64,4,0	[0.24325603]	0.9966820163955104	2.878338538415426e-23
64,4,1	[0.24130487]	0.9981440443009749	8.68312294891078e-26
64,4,2	[0.14193563]	0.998689014487596	2.6912106679211898e-27
64,4,3	[0.51143557]	0.9969970868157388	1.0626440311728172e-23
64,4,4	[0.16141531]	0.9979533933189725	2.306772512288625e-25
64,4,5	[12.575796]	0.8932126794478162	2.225134511200492e-08
64,4,6	[0.23965174]	0.9975311477216053	1.5026610784330073e-24
64,4,7	[0.7849821]	0.9957907417560132	3.096486594163349e-22
64,4,8	[0.107435]	0.9995793930697636	3.1211561325663333e-32
64,4,9	[0.1528567]	0.999399342277844	1.1002767665234597e-30
64,5,0	[0.32303298]	0.9971782355496163	5.708077425886134e-24
64,5,1	[0.3015348]	0.9975423931155467	1.4356683829872168e-24
64,5,2	[0.12949124]	0.9990395947606471	1.1998781371349473e-28
64,5,3	[0.7060578]	0.997098845746217	7.530941349396164e-24
64,5,4	[0.9636558]	0.9939967706283749	1.0702091789181801e-20
64,5,5	[0.09237926]	0.9993319265632141	3.186790610479868e-30
64,5,6	[0.32201004]	0.9974165370477374	2.3644412322069868e-24
64,5,7	[10.522018]	0.9291189639534205	4.3026928520561407e-10
64,5,8	[0.13730727]	0.9991174453188697	5.15402511044335e-29
64,5,9	[0.24043398]	0.9982355230755913	5.239892500708951e-26
64,6,0	[0.5375212]	0.996354075002362	7.377229885477344e-23
64,6,1	[0.13475564]	0.9984320488181777	1.6100424274160558e-26
64,6,2	[0.20007946]	0.9985648398736875	6.648927909882724e-27
64,6,3	[0.07224098]	0.9993287588779343	3.341114852106735e-30
64,6,4	[0.40134832]	0.9956066574819423	4.747188474678708e-22
64,6,5	[0.44881192]	0.996736096984214	2.4426890672409983e-23
64,6,6	[0.20089689]	0.9974178088024039	2.352839862251242e-24
64,6,7	[0.38400754]	0.9948847686850506	2.1669728715102804e-21
64,6,8	[12.224109]	0.9331125403225164	2.4501620792633014e-10
64,6,9	[0.05406594]	0.9996626738097729	3.437160814656112e-33
64,7,0	[0.22500235]	0.9984407819537316	1.5226356891816702e-26
64,7,1	[0.31393892]	0.9972143731788108	5.018522921350165e-24
64,7,2	[0.3921377]	0.9980437617553686	1.4690583103329571e-25
64,7,3	[0.48143968]	0.9972131503009455	5.040572341910872e-24
64,7,4	[0.21021388]	0.9965401179267334	4.372804014976021e-23
64,7,5	[0.38636187]	0.9948472180648207	2.3310493800460604e-21
64,7,6	[9.256051]	0.9182741755627113	1.7065675149559814e-09
64,7,7	[0.34275085]	0.9934332825728744	2.6187785967744502e-20
64,7,8	[0.29554093]	0.9982631234804029	4.476113189800642e-26
64,7,9	[0.14868926]	0.998876528976263	5.753350737507167e-28
64,8,0	[0.4000825]	0.9983952165750094	2.0305363622370801e-26
64,8,1	[0.12603575]	0.9990610680088705	9.571311819540786e-29
64,8,2	[0.25231513]	0.996935400802847	1.301928513446918e-23
64,8,3	[0.15062954]	0.998635098383836	4.026117145819111e-27
64,8,4	[0.13831916]	0.9971940381487028	5.396696682595196e-24
64,8,5	[0.1851551]	0.9990340003035787	1.271604012831632e-28
64,8,6	[0.72468907]	0.9893625124665777	3.2044041609651534e-18
64,8,7	[0.15119976]	0.9991294686488206	4.4936147326131466e-29
64,8,8	[0.4954727]	0.9964539442923915	5.590482063644177e-23
64,8,9	[0.05953664]	0.9995806353519614	3.0302023561742435e-32
64,9,0	[0.77804476]	0.9946426530304631	3.4376948847282205e-21
64,9,1	[0.5419678]	0.9968919258724726	1.4986031604150693e-23
64,9,2	[0.10218451]	0.999118575473368	5.0884278549281e-29
64,9,3	[0.49423882]	0.9973695424997202	2.8309712075047605e-24
64,9,4	[0.7146128]	0.990796024308832	7.5799946085783e-19
64,9,5	[0.05774843]	0.9995719153191706	3.7225010765685556e-32
64,9,6	[0.16805083]	0.9982456253547431	4.9477065061593255e-26
64,9,7	[0.39532956]	0.9953114456711871	9.085521588939693e-22
64,9,8	[10.982252]	0.9260113623582747	6.522207056013133e-10
64,9,9	[0.046145]	0.9996521340363604	4.67519672170755e-33
128,0,0	[0.91237545]	0.9931925797703325	3.7498357352652634e-20
128,0,1	[0.33220908]	0.997112842868185	7.17579732368396e-24
128,0,2	[0.24098119]	0.9985771204069062	6.101707246014121e-27
128,0,3	[1.0269548]	0.9952011328826533	1.1459118131329847e-21
128,0,4	[0.20157515]	0.9974269152373993	2.271253098149642e-24
128,0,5	[0.04892653]	0.9996777186442738	2.1780998755837342e-33
128,0,6	[10.514543]	0.9279606425100575	5.035192188923428e-10
128,0,7	[0.64635557]	0.9906787843106726	8.598658975601894e-19
128,0,8	[0.24107601]	0.9971977583010143	5.325653635443166e-24
128,0,9	[0.13102598]	0.998931952810042	7.699484359004415e-27
128,1,0	[0.3290646]	0.9979885395513363	1.9401636506642435e-25
128,1,1	[1.0708116]	0.9940372523668559	1.0003585571244588e-20
128,1,2	[10.711282]	0.9079243902745269	5.381308239370239e-09
128,1,3	[0.39319983]	0.997638770458219	9.626833775019397e-25
128,1,4	[0.21340352]	0.9974617222012354	1.982339442137169e-24
128,1,5	[0.0596469]	0.9995187255499612	1.2005258354254899e-31
128,1,6	[0.3612136]	0.9972912757567145	3.794296758399587e-24
128,1,7	[0.2504008]	0.9991915108694576	2.145871906037669e-29
128,1,8	[0.19373417]	0.9989739136277422	2.3244188481374742e-28
128,1,9	[0.19223054]	0.9972528554729329	6.045336536582922e-23
128,2,0	[0.56933284]	0.9976671639053474	8.530886234129803e-25
128,2,1	[0.28850368]	0.998352604073973	2.638460437791812e-26
128,2,2	[0.23006515]	0.9976928705250824	7.636903102657159e-25
128,2,3	[0.18894428]	0.9982924456359098	3.7758014310309904e-26
128,2,4	[0.48264754]	0.9896464477090612	2.447694260763061e-18
128,2,5	[0.15645026]	0.9960054672618439	1.8359273867910866e-22
128,2,6	[0.31303298]	0.9974312800996391	2.233057310301542e-24
128,2,7	[0.6247256]	0.9905985275716326	9.365279870215211e-19
128,2,8	[8.220381]	0.935316912366405	1.768820153062398e-10
128,2,9	[0.12431594]	0.9990097376338151	3.755000564751077e-27
128,3,0	[0.31424233]	0.9973819328376783	2.7005512980582564e-24
128,3,1	[0.34931943]	0.9980450394933922	1.4594987871450644e-25
128,3,2	[0.61916625]	0.9980024264638417	1.8104054191684137e-25
128,3,3	[0.50261337]	0.9964275279873372	6.020534735476059e-23
128,3,4	[0.2604997]	0.997158639396859	6.11661245580903e-24
128,3,5	[0.03844708]	0.9996609462712781	3.617274083907605e-33
128,3,6	[0.39431894]	0.99620775580854	1.0927444059869344e-22
128,3,7	[10.48857]	0.9198809431756296	1.4087838512436875e-09
128,3,8	[0.09192276]	0.9986630020525071	3.275140506300318e-27
128,3,9	[0.22305077]	0.9978840637673548	5.0742959990227194e-24
128,4,0	[0.3881734]	0.994766618485148	2.7215372588320472e-21
128,4,1	[0.8569208]	0.9954743059462451	6.384136508528863e-22
128,4,2	[0.06429759]	0.9994190675408178	7.879937605698916e-31
128,4,3	[0.8131002]	0.9970095714202815	1.0193341998541759e-23
128,4,4	[0.120329]	0.9985699362613178	6.416689636770345e-27
128,4,5	[9.840546]	0.9173935646254572	1.8925544944942633e-09
128,4,6	[0.8190655]	0.9924606865738724	1.0380071008960985e-19
128,4,7	[0.8059965]	0.9967943883301196	2.0403681879283156e-23
128,4,8	[0.10109086]	0.9992833016707316	6.432636235384514e-30
128,4,9	[0.2654033]	0.9990397510640072	1.1979275636675582e-28
128,5,0	[0.44289914]	0.9956436617624651	4.362823337735244e-22
128,5,1	[0.3060119]	0.9974505591298006	2.0711716503707802e-24
128,5,2	[0.3699004]	0.9968436431401783	1.748026675152447e-23
128,5,3	[0.3840241]	0.997926772864588	2.6247164930207875e-25
128,5,4	[0.9381115]	0.9941163659325418	8.755659340312347e-21
128,5,5	[0.1444465]	0.9987064622783872	2.353914951671983e-27
128,5,6	[0.23097445]	0.9982300924374936	5.403295758441677e-26
128,5,7	[10.077189]	0.9336133788602398	2.2775559575713185e-10
128,5,8	[0.21203499]	0.9992587108577149	9.012759024151865e-30
128,5,9	[0.2645131]	0.998110030840527	1.0410859623130784e-25
128,6,0	[1.0220958]	0.9930535785154471	4.587227366926243e-20
128,6,1	[0.2023055]	0.9976500503363146	9.177133499540727e-25
128,6,2	[0.4368964]	0.9969950686793019	1.0697984249949709e-23
128,6,3	[0.13568117]	0.9987716733075965	1.403636336602786e-27
128,6,4	[0.35095358]	0.9958104010143971	2.955105839900012e-22
128,6,5	[0.5428169]	0.9959243410571129	2.2440349437840224e-22
128,6,6	[0.28036395]	0.9968443437457492	1.744155519964889e-23
128,6,7	[0.28595364]	0.9961515997360262	1.265488111003105e-22
128,6,8	[11.0098095]	0.9425087766839073	5.6092924024072925e-11
128,6,9	[0.10603093]	0.9992573254593362	9.182570469064967e-30
128,7,0	[0.1168474]	0.9991693150669131	2.8131042289736336e-29
128,7,1	[0.37876227]	0.996693116577241	2.783608251957669e-23
128,7,2	[0.1651432]	0.9986739420161796	3.016943137801584e-27
128,7,3	[0.399027]	0.9975604537548115	1.3336831370178953e-24
128,7,4	[0.5702457]	0.9899290869408843	1.8580447186826313e-18
128,7,5	[0.9827078]	0.9862261966475063	4.1907743583285975e-17
128,7,6	[9.632368]	0.912248579072038	3.3882010529451897e-09
128,7,7	[0.41600448]	0.9915010862602613	3.426145914608113e-19
128,7,8	[0.08534637]	0.9995703697812033	3.8590768277374284e-32
128,7,9	[0.19916186]	0.9985798802178485	5.9844540506670564e-27
128,8,0	[0.26839507]	0.9987858253495775	1.2501222308783651e-27
128,8,1	[0.02685949]	0.9997626551534908	1.0225274018766273e-34
128,8,2	[0.15886356]	0.9979850761668009	1.9738019304595822e-25
128,8,3	[0.08156294]	0.9992754848451164	7.169451343196094e-30
128,8,4	[0.0976463]	0.9981204410512895	9.851841981375034e-26
128,8,5	[0.08908343]	0.9994530415656662	4.313898874453228e-31
128,8,6	[0.3249604]	0.9949680574315012	1.8395252340604077e-21
128,8,7	[0.20316924]	0.9987609179574275	1.5314302421054956e-27
128,8,8	[0.33978954]	0.9975893250639455	1.1841316256171728e-24
128,8,9	[0.09478616]	0.9993417057036353	2.7499816073696396e-30
128,9,0	[1.0412146]	0.9913453496069178	4.1057190867463294e-19
128,9,1	[0.1726334]	0.998942344293622	3.1467500511059012e-28
128,9,2	[0.07960855]	0.999417194528737	8.137654022630755e-31
128,9,3	[0.39298573]	0.9978378918025436	3.992360370776357e-25
128,9,4	[0.44807607]	0.9949107520122484	2.059601016628032e-21
128,9,5	[0.08690783]	0.9991710510336493	2.7548852835558087e-29
128,9,6	[0.02926598]	0.9997128836758169	6.860682294941394e-34
128,9,7	[0.31659204]	0.9958601479034127	2.6229214041801134e-22
128,9,8	[9.494874]	0.935998337905303	1.595634044316232e-10
128,9,9	[0.09201851]	0.9993315930534645	3.2027308415577956e-30
256,0,0	[0.72887665]	0.9943957388146935	5.389066611787754e-21
256,0,1	[0.22285628]	0.9980981059448918	1.1086167148509655e-25
256,0,2	[0.14193979]	0.9989569407564763	2.738638976116627e-28
256,0,3	[1.3544106]	0.9936208312220971	1.9615101146312423e-20
256,0,4	[0.1224204]	0.9984386629256823	1.5434424263997845e-26
256,0,5	[0.21589094]	0.9985254635168568	8.714314904065429e-27
256,0,6	[9.209435]	0.9361265209607519	1.5648061760070825e-10
256,0,7	[0.4829405]	0.9926641138859801	7.902612941795921e-20
256,0,8	[0.4592881]	0.9947672482739363	2.7182709338401923e-21
256,0,9	[0.08838902]	0.9990336731488427	2.976465390360756e-27
256,1,0	[0.25083917]	0.9986095813263646	4.8448851192398224e-27
256,1,1	[2.1828244]	0.9903259489906616	1.2449716937299257e-18
256,1,2	[9.914118]	0.914004882823732	2.788718665011049e-09
256,1,3	[0.42314908]	0.9974829579162398	1.822758144100903e-24
256,1,4	[0.18044487]	0.9979335164496751	2.540651356847848e-25
256,1,5	[0.08851349]	0.9992577361548922	9.131932807112788e-30
256,1,6	[0.4598489]	0.9963039627701881	8.454544502864109e-23
256,1,7	[0.53324026]	0.9979310684305781	2.5708838661457985e-25
256,1,8	[0.20078646]	0.9989475215540905	2.996128160890324e-28
256,1,9	[0.1292308]	0.9984478914369329	2.677956599979369e-25
256,2,0	[0.8871381]	0.9966842789307434	2.85879774477296e-23
256,2,1	[0.21453573]	0.9984739412102748	1.2282847974035352e-26
256,2,2	[0.04836896]	0.999498157011721	1.824254816126584e-31
256,2,3	[0.13787973]	0.9988149893708832	9.804267754085086e-28
256,2,4	[0.18925257]	0.9961210848422724	1.369317673001521e-22
256,2,5	[0.18270382]	0.9963405683801971	7.654702974575284e-23
256,2,6	[0.36094666]	0.9967405019466711	2.409965524941156e-23
256,2,7	[0.61055094]	0.9907205134919138	8.22278677625458e-19
256,2,8	[9.200605]	0.9267864719844265	5.889506958656135e-10
256,2,9	[0.46985286]	0.9966769158833848	3.678966241921268e-22
256,3,0	[0.32081988]	0.9973257048493571	3.3391655745719666e-24
256,3,1	[0.41272923]	0.9977475377877254	6.009937596823577e-25
256,3,2	[1.4607662]	0.9949924073812042	1.7525977618068255e-21
256,3,3	[0.28494108]	0.9978836659262716	3.223882049197083e-25
256,3,4	[0.10005555]	0.9987271634053637	2.0033789981427903e-27
256,3,5	[0.15482602]	0.9990624024072214	9.436203716062674e-29
256,3,6	[0.32368377]	0.9969904622764684	1.086290970972631e-23
256,3,7	[9.683076]	0.9252875176638187	7.167178086204166e-10
256,3,8	[0.10588112]	0.998533272950572	8.263897513909803e-27
256,3,9	[0.15672855]	0.9982658781774969	7.673538904371511e-25
256,4,0	[0.3557204]	0.9942450023870795	7.022842089333832e-21
256,4,1	[0.44475156]	0.9977635915759593	5.595444180208626e-25
256,4,2	[0.360118]	0.9969307980334209	1.3215901515675771e-23
256,4,3	[0.7924559]	0.9967129204405383	2.6215410115915367e-23
256,4,4	[0.1780654]	0.9976175112573519	1.0528637080958278e-24
256,4,5	[9.065202]	0.920395574188015	1.3237454265499136e-09
256,4,6	[0.76832175]	0.9922203957164406	1.4191526198239972e-19
256,4,7	[0.7684271]	0.9946695378956388	3.2693849498727593e-21
256,4,8	[0.06648784]	0.9994173464543895	8.116470709809753e-31
256,4,9	[0.35134146]	0.9981530562525265	8.270896793387781e-26
256,5,0	[0.25117138]	0.9975329978335238	1.4914496137951147e-24
256,5,1	[0.35791925]	0.996621494641805	3.447767383071041e-23
256,5,2	[0.08633409]	0.9992878079244674	6.039548190753496e-30
256,5,3	[0.23597646]	0.9985521703419475	7.259391040483702e-27
256,5,4	[0.8109424]	0.9946983879349274	3.097050514546135e-21
256,5,5	[0.15631819]	0.9986705267014391	3.0955092064684514e-27
256,5,6	[0.6122349]	0.9949355494532656	1.9616181004980833e-21
256,5,7	[9.243926]	0.9374236066906521	1.2815273956317887e-10
256,5,8	[0.21260977]	0.9984494668785227	1.4399698433824433e-26
256,5,9	[0.16341998]	0.9986862530331339	2.7484075105579312e-27
256,6,0	[0.8891706]	0.9951293978292065	1.3288098012586602e-21
256,6,1	[0.15059279]	0.9982723012937809	4.2452964008734156e-26
256,6,2	[0.3167196]	0.9980019000958527	1.815177652845621e-25
256,6,3	[0.1427282]	0.9986264457502102	4.288601715018494e-27
256,6,4	[0.45788476]	0.9936338272477824	1.9220158786352925e-20
256,6,5	[0.61284924]	0.9951208085339576	1.3523825504881356e-21
256,6,6	[0.18915924]	0.998058981997227	1.3587647790275421e-25
256,6,7	[0.14700031]	0.9980412641563967	1.487907211836916e-25
256,6,8	[9.612695]	0.9473858286000997	2.3593447175734326e-11
256,6,9	[0.03793791]	0.9997430098275379	2.2646815603151008e-34
256,7,0	[0.21572752]	0.9985254803827979	8.713318802205218e-27
256,7,1	[0.18327011]	0.998336912595275	2.9006381643470995e-26
256,7,2	[0.36231163]	0.9972075702509954	5.14229536936488e-24
256,7,3	[0.49388838]	0.9969088726107451	1.4189665025462723e-23
256,7,4	[0.46663532]	0.992949060415987	5.3238111648483986e-20
256,7,5	[0.7686199]	0.9894584911143546	2.9278965500132065e-18
256,7,6	[7.970206]	0.9240698922209651	8.381510189123808e-10
256,7,7	[0.30613947]	0.9935142829970183	2.313874260237678e-20
256,7,8	[0.19887637]	0.9986486739109309	3.643331381859257e-27
256,7,9	[0.09939811]	0.9992452989165628	1.0782197129560827e-29
256,8,0	[0.1203708]	0.9994177152899881	8.065249521097372e-31
256,8,1	[0.09516926]	0.9992295112380322	1.3261497303894073e-29
256,8,2	[0.0930428]	0.9989986299892194	1.821649976142902e-28
256,8,3	[0.04087165]	0.9996650184735816	3.2056195360065396e-33
256,8,4	[0.13701881]	0.9972464072383148	4.4709586431404396e-24
256,8,5	[0.08895879]	0.9994580163748672	3.937288317256639e-31
256,8,6	[0.39905536]	0.9939797716865161	1.1008259026842925e-20
256,8,7	[0.0981807]	0.9993619583034552	2.0121273756963972e-30
256,8,8	[0.22601034]	0.9983931631656304	2.056651027613764e-26
256,8,9	[0.04178834]	0.9996895268437946	1.499641739077192e-33
256,9,0	[0.68539804]	0.9948743923828731	2.2112395144626073e-21
256,9,1	[0.18320675]	0.999013140424382	1.5743399242942007e-28
256,9,2	[0.10314712]	0.9991519290446162	3.4602978932708225e-29
256,9,3	[0.38805315]	0.9980017712637708	1.8163474118806153e-25
256,9,4	[0.32352996]	0.9962355924213159	1.01524666217756e-22
256,9,5	[0.23596144]	0.9989233604934237	3.759139610064395e-28
256,9,6	[0.14780678]	0.9983384171455922	2.874521150033013e-26
256,9,7	[0.2518742]	0.996950160771892	1.2406406961934778e-23
256,9,8	[9.194785]	0.938173255232751	1.1396048021456335e-10
256,9,9	[0.15364498]	0.9988501671809347	7.254412356766678e-28
