+------------+----+-----------------+---------+---------------------+--------------------+--------------------+------------------------+
| Outer fold | h* |      ann_E      | lambda* |         lr_E        |      baseline      |        PCC         |        p-value         |
+------------+----+-----------------+---------+---------------------+--------------------+--------------------+------------------------+
|     1      | 1  |  tensor(5.9861) |  1e-05  |  0.5972465003241361 |  5.13843164571214  | 0.9999999999999998 | 4.594778479182706e-178 |
|     2      | 1  |  tensor(0.2562) |   0.01  | 0.13060498876577728 | 7.963233445507808  |        1.0         |          0.0           |
|     3      | 1  | tensor(21.8695) |   0.1   |  1.0951566129339414 | 18.394557099309857 |        1.0         |          0.0           |
|     4      | 1  |  tensor(8.1944) |  1e-05  |  0.6827997896620164 | 23.925287185838492 |        1.0         |          0.0           |
|     5      | 1  |  tensor(2.0632) |  1e-05  |   1.2524677038296   | 29.37115214451618  |        1.0         |          0.0           |
|     6      | 1  |  tensor(6.0714) |   0.01  |  0.5718382430507974 | 34.56035936214703  |        1.0         |          0.0           |
|     7      | 1  |  tensor(0.9915) |   1.0   |  0.5667100560662365 | 38.85544732357954  |        1.0         |          0.0           |
|     8      | 1  | tensor(17.3397) |   1.0   |  1.1327294262473468 |  47.4323818965823  | 0.9999999999999999 |          0.0           |
|     9      | 1  |  tensor(1.8959) |  1e-05  |  9.300895101394785  | 51.42853638694042  | 0.9999999999999999 |          0.0           |
|     10     | 1  |  tensor(1.0573) |   1.0   |  1.6742943174991443 | 55.79121192413051  |        1.0         |          0.0           |
+------------+----+-----------------+---------+---------------------+--------------------+--------------------+------------------------+
========================================
+------------+----+----------------+---------+---------------------+-------------------+--------------------+---------+
| Outer fold | h* |     ann_E      | lambda* |         lr_E        |      baseline     |        PCC         | p-value |
+------------+----+----------------+---------+---------------------+-------------------+--------------------+---------+
|     1      | 2  | tensor(1.3404) |   1.0   |  0.6234517131688336 | 55.79121192413051 |        1.0         |   0.0   |
|     2      | 2  | tensor(0.2959) |   0.01  | 0.13060498876577728 | 55.79121192413051 |        1.0         |   0.0   |
|     3      | 2  | tensor(8.3896) |   0.1   |  1.0951566129339414 | 55.79121192413051 |        1.0         |   0.0   |
|     4      | 2  | tensor(3.6180) |  1e-05  |  0.6827997896620164 | 55.79121192413051 |        1.0         |   0.0   |
|     5      | 2  | tensor(0.3120) |   1.0   |  1.3245059772228434 | 55.79121192413051 |        1.0         |   0.0   |
|     6      | 2  | tensor(2.0498) |  1e-05  |  0.5717386256944723 | 55.79121192413051 |        1.0         |   0.0   |
|     7      | 2  | tensor(0.2280) |  1e-05  |  0.5688575247469217 | 55.79121192413051 |        1.0         |   0.0   |
|     8      | 2  | tensor(4.8932) |   0.01  |  1.0827255381243786 | 55.79121192413051 |        1.0         |   0.0   |
|     9      | 2  | tensor(3.7234) |  1e-05  |  9.300895101394785  | 55.79121192413051 |        1.0         |   0.0   |
|     10     | 2  | tensor(1.3882) |   1.0   |  1.6742943174991443 | 55.79121192413051 | 0.9999999999999999 |   0.0   |
+------------+----+----------------+---------+---------------------+-------------------+--------------------+---------+
========================================
+------------+----+----------------+---------+--------------------+-------------------+-----+---------+
| Outer fold | h* |     ann_E      | lambda* |        lr_E        |      baseline     | PCC | p-value |
+------------+----+----------------+---------+--------------------+-------------------+-----+---------+
|     1      | 4  | tensor(0.0900) |   0.01  | 0.5972597191219461 | 55.79121192413051 | 1.0 |   0.0   |
|     2      | 4  | tensor(0.1098) |  1e-05  | 0.1305733902836602 | 55.79121192413051 | 1.0 |   0.0   |
|     3      | 4  | tensor(1.1386) |   0.1   | 1.0951566129339414 | 55.79121192413051 | 1.0 |   0.0   |
|     4      | 4  | tensor(0.6584) |   0.01  | 0.6822088409209123 | 55.79121192413051 | 1.0 |   0.0   |
|     5      | 4  | tensor(0.0953) |   1.0   | 1.3245059772228434 | 55.79121192413051 | 1.0 |   0.0   |
|     6      | 4  | tensor(0.1056) |  1e-05  | 0.5717386256944723 | 55.79121192413051 | 1.0 |   0.0   |
|     7      | 4  | tensor(0.2084) |  1e-05  | 0.5688575247469217 | 55.79121192413051 | 1.0 |   0.0   |
|     8      | 4  | tensor(0.5897) |  1e-05  | 1.0823169400396175 | 55.79121192413051 | 1.0 |   0.0   |
|     9      | 4  | tensor(7.8736) |  1e-05  | 9.300895101394785  | 55.79121192413051 | 1.0 |   0.0   |
|     10     | 4  | tensor(0.4258) |   1.0   | 1.6742943174991443 | 55.79121192413051 | 1.0 |   0.0   |
+------------+----+----------------+---------+--------------------+-------------------+-----+---------+
========================================
+------------+----+----------------+---------+--------------------+-------------------+--------------------+---------+
| Outer fold | h* |     ann_E      | lambda* |        lr_E        |      baseline     |        PCC         | p-value |
+------------+----+----------------+---------+--------------------+-------------------+--------------------+---------+
|     1      | 8  | tensor(0.2471) |  1e-05  | 0.5972465003241361 | 55.79121192413051 |        1.0         |   0.0   |
|     2      | 8  | tensor(0.2132) |  1e-05  | 0.1305733902836602 | 55.79121192413051 |        1.0         |   0.0   |
|     3      | 8  | tensor(0.6123) |   0.01  | 1.0982418259897109 | 55.79121192413051 |        1.0         |   0.0   |
|     4      | 8  | tensor(0.4067) |  1e-05  | 0.6827997896620164 | 55.79121192413051 |        1.0         |   0.0   |
|     5      | 8  | tensor(0.5050) |   1.0   | 1.3245059772228434 | 55.79121192413051 |        1.0         |   0.0   |
|     6      | 8  | tensor(0.0985) |  1e-05  | 0.5717386256944723 | 55.79121192413051 |        1.0         |   0.0   |
|     7      | 8  | tensor(1.1127) |  1e-05  | 0.5688575247469217 | 55.79121192413051 | 0.9999999999999999 |   0.0   |
|     8      | 8  | tensor(0.3689) |  1e-05  | 1.0823169400396175 | 55.79121192413051 |        1.0         |   0.0   |
|     9      | 8  | tensor(7.5650) |  1e-05  | 9.300895101394785  | 55.79121192413051 |        1.0         |   0.0   |
|     10     | 8  | tensor(0.2697) |   1.0   | 1.6742943174991443 | 55.79121192413051 | 0.9999999999999999 |   0.0   |
+------------+----+----------------+---------+--------------------+-------------------+--------------------+---------+
========================================
+------------+----+----------------+---------+--------------------+-------------------+--------------------+------------------------+
| Outer fold | h* |     ann_E      | lambda* |        lr_E        |      baseline     |        PCC         |        p-value         |
+------------+----+----------------+---------+--------------------+-------------------+--------------------+------------------------+
|     1      | 16 | tensor(0.2608) |  1e-05  | 0.5972465003241361 | 55.79121192413051 | 0.9999999999999999 |          0.0           |
|     2      | 16 | tensor(0.1006) |  1e-05  | 0.1305733902836602 | 55.79121192413051 |        1.0         |          0.0           |
|     3      | 16 | tensor(0.2473) |   0.1   | 1.0951566129339414 | 55.79121192413051 |        1.0         |          0.0           |
|     4      | 16 | tensor(0.1092) |  1e-05  | 0.6827997896620164 | 55.79121192413051 | 0.9999999999999998 | 4.594778479182706e-178 |
|     5      | 16 | tensor(0.0345) |  1e-05  |  1.2524677038296   | 55.79121192413051 | 0.9999999999999999 |          0.0           |
|     6      | 16 | tensor(0.1116) |  1e-05  | 0.5717386256944723 | 55.79121192413051 |        1.0         |          0.0           |
|     7      | 16 | tensor(0.2370) |   1.0   | 0.5667100560662365 | 55.79121192413051 |        1.0         |          0.0           |
|     8      | 16 | tensor(0.5356) |  1e-05  | 1.0823169400396175 | 55.79121192413051 |        1.0         |          0.0           |
|     9      | 16 | tensor(9.7220) |  1e-05  | 9.300895101394785  | 55.79121192413051 |        1.0         |          0.0           |
|     10     | 16 | tensor(0.1671) |   1.0   | 1.6742943174991443 | 55.79121192413051 |        1.0         |          0.0           |
+------------+----+----------------+---------+--------------------+-------------------+--------------------+------------------------+
========================================
+------------+----+-----------------+---------+--------------------+-------------------+--------------------+-------------------------+
| Outer fold | h* |      ann_E      | lambda* |        lr_E        |      baseline     |        PCC         |         p-value         |
+------------+----+-----------------+---------+--------------------+-------------------+--------------------+-------------------------+
|     1      | 32 |  tensor(0.2185) |  1e-05  | 0.5972465003241361 | 55.79121192413051 | 0.9999999999999998 |  4.594778479182706e-178 |
|     2      | 32 |  tensor(0.1637) |  1e-05  | 0.1305733902836602 | 55.79121192413051 |        1.0         |           0.0           |
|     3      | 32 |  tensor(0.3292) |   0.01  | 1.0982418259897109 | 55.79121192413051 |        1.0         |           0.0           |
|     4      | 32 |  tensor(0.1609) |   0.01  | 0.6822088409209123 | 55.79121192413051 | 0.9999999999999998 |  4.594778479182706e-178 |
|     5      | 32 |  tensor(0.4115) |  1e-05  |  1.2524677038296   | 55.79121192413051 |        1.0         |           0.0           |
|     6      | 32 |  tensor(0.0769) |  1e-05  | 0.5717386256944723 | 55.79121192413051 | 0.9999999999999998 | 2.2282693381708265e-170 |
|     7      | 32 |  tensor(0.2846) |  1e-05  | 0.5688575247469217 | 55.79121192413051 |        1.0         |           0.0           |
|     8      | 32 |  tensor(0.5266) |  1e-05  | 1.0823169400396175 | 55.79121192413051 |        1.0         |           0.0           |
|     9      | 32 | tensor(10.3620) |  1e-05  | 9.300895101394785  | 55.79121192413051 |        1.0         |           0.0           |
|     10     | 32 |  tensor(0.4691) |   1.0   | 1.6742943174991443 | 55.79121192413051 |        1.0         |           0.0           |
+------------+----+-----------------+---------+--------------------+-------------------+--------------------+-------------------------+
========================================
+------------+----+----------------+---------+--------------------+-------------------+--------------------+-------------------------+
| Outer fold | h* |     ann_E      | lambda* |        lr_E        |      baseline     |        PCC         |         p-value         |
+------------+----+----------------+---------+--------------------+-------------------+--------------------+-------------------------+
|     1      | 64 | tensor(0.1391) |   0.1   | 0.5978388382682831 | 55.79121192413051 |        1.0         |           0.0           |
|     2      | 64 | tensor(0.1621) |  1e-05  | 0.1305733902836602 | 55.79121192413051 |        1.0         |           0.0           |
|     3      | 64 | tensor(0.3524) |   10.0  | 1.5691727881786588 | 55.79121192413051 |        1.0         |           0.0           |
|     4      | 64 | tensor(0.2422) |   0.1   | 0.6776632907602013 | 55.79121192413051 |        1.0         |           0.0           |
|     5      | 64 | tensor(0.2281) |  1e-05  |  1.2524677038296   | 55.79121192413051 |        1.0         |           0.0           |
|     6      | 64 | tensor(0.2331) |  1e-05  | 0.5717386256944723 | 55.79121192413051 | 0.9999999999999999 |           0.0           |
|     7      | 64 | tensor(0.2265) |  1e-05  | 0.5688575247469217 | 55.79121192413051 |        1.0         |           0.0           |
|     8      | 64 | tensor(0.4347) |  1e-05  | 1.0823169400396175 | 55.79121192413051 |        1.0         |           0.0           |
|     9      | 64 | tensor(9.9807) |  1e-05  | 9.300895101394785  | 55.79121192413051 | 0.9999999999999998 | 2.2282693381708265e-170 |
|     10     | 64 | tensor(0.3680) |   1.0   | 1.6742943174991443 | 55.79121192413051 | 0.9999999999999999 |           0.0           |
+------------+----+----------------+---------+--------------------+-------------------+--------------------+-------------------------+
========================================
+------------+-----+-----------------+---------+--------------------+-------------------+--------------------+-------------------------+
| Outer fold |  h* |      ann_E      | lambda* |        lr_E        |      baseline     |        PCC         |         p-value         |
+------------+-----+-----------------+---------+--------------------+-------------------+--------------------+-------------------------+
|     1      | 128 |  tensor(0.2039) |  1e-05  | 0.5972465003241361 | 55.79121192413051 |        1.0         |           0.0           |
|     2      | 128 |  tensor(0.1812) |  1e-05  | 0.1305733902836602 | 55.79121192413051 |        1.0         |           0.0           |
|     3      | 128 |  tensor(0.8979) |   0.1   | 1.0951566129339414 | 55.79121192413051 | 0.9999999999999998 |  4.594778479182706e-178 |
|     4      | 128 |  tensor(0.1828) |  0.001  | 0.6827403643562895 | 55.79121192413051 |        1.0         |           0.0           |
|     5      | 128 |  tensor(0.3349) |   1.0   | 1.3245059772228434 | 55.79121192413051 |        1.0         |           0.0           |
|     6      | 128 |  tensor(0.2171) |  1e-05  | 0.5717386256944723 | 55.79121192413051 |        1.0         |           0.0           |
|     7      | 128 |  tensor(0.0750) |   1.0   | 0.5667100560662365 | 55.79121192413051 |        1.0         |           0.0           |
|     8      | 128 |  tensor(0.3960) |  0.001  | 1.0823571327127628 | 55.79121192413051 |        1.0         |           0.0           |
|     9      | 128 | tensor(10.8337) |   0.1   | 9.287733609800304  | 55.79121192413051 | 0.9999999999999998 | 2.2282693381708265e-170 |
|     10     | 128 |  tensor(0.5614) |   1.0   | 1.6742943174991443 | 55.79121192413051 |        1.0         |           0.0           |
+------------+-----+-----------------+---------+--------------------+-------------------+--------------------+-------------------------+
========================================
+------------+-----+----------------+---------+---------------------+-------------------+--------------------+---------+
| Outer fold |  h* |     ann_E      | lambda* |         lr_E        |      baseline     |        PCC         | p-value |
+------------+-----+----------------+---------+---------------------+-------------------+--------------------+---------+
|     1      | 256 | tensor(0.1436) |  1e-05  |  0.5972465003241361 | 55.79121192413051 |        1.0         |   0.0   |
|     2      | 256 | tensor(0.3735) |  0.001  | 0.13057637149187293 | 55.79121192413051 |        1.0         |   0.0   |
|     3      | 256 | tensor(1.3095) |   0.1   |  1.0951566129339414 | 55.79121192413051 |        1.0         |   0.0   |
|     4      | 256 | tensor(0.1521) |   0.1   |  0.6776632907602013 | 55.79121192413051 |        1.0         |   0.0   |
|     5      | 256 | tensor(0.2977) |   1.0   |  1.3245059772228434 | 55.79121192413051 |        1.0         |   0.0   |
|     6      | 256 | tensor(0.0928) |  1e-05  |  0.5717386256944723 | 55.79121192413051 | 0.9999999999999999 |   0.0   |
|     7      | 256 | tensor(0.2009) |   1.0   |  0.5667100560662365 | 55.79121192413051 |        1.0         |   0.0   |
|     8      | 256 | tensor(0.6281) |  0.001  |  1.0823571327127628 | 55.79121192413051 |        1.0         |   0.0   |
|     9      | 256 | tensor(8.2707) |  1e-05  |  9.300895101394785  | 55.79121192413051 |        1.0         |   0.0   |
|     10     | 256 | tensor(0.1970) |   1.0   |  1.6742943174991443 | 55.79121192413051 |        1.0         |   0.0   |
+------------+-----+----------------+---------+---------------------+-------------------+--------------------+---------+
========================================
